    0.00000000,        1.01642864
    0.01000000,        1.01660844
    0.02000000,        1.01668658
    0.03000000,        1.01666305
    0.04000000,        1.01653785
    0.05000000,        1.01631100
    0.06000000,        1.01598252
    0.07000000,        1.01555244
    0.08000000,        1.01502081
    0.09000000,        1.01438767
    0.10000000,        1.01365309
    0.11000000,        1.01281715
    0.12000000,        1.01187993
    0.13000000,        1.01084152
    0.14000000,        1.00970202
    0.15000000,        1.00846156
    0.16000000,        1.00712025
    0.17000000,        1.00567822
    0.18000000,        1.00413563
    0.19000000,        1.00249263
    0.20000000,        1.00074937
    0.21000000,        0.99890605
    0.22000000,        0.99696283
    0.23000000,        0.99491991
    0.24000000,        0.99277750
    0.25000000,        0.99053582
    0.26000000,        0.98819508
    0.27000000,        0.98575552
    0.28000000,        0.98321738
    0.29000000,        0.98058093
    0.30000000,        0.97784641
    0.31000000,        0.97501411
    0.32000000,        0.97208431
    0.33000000,        0.96905731
    0.34000000,        0.96593339
    0.35000000,        0.96271288
    0.36000000,        0.95939611
    0.37000000,        0.95598339
    0.38000000,        0.95247507
    0.39000000,        0.94887151
    0.40000000,        0.94517305
    0.41000000,        0.94138008
    0.42000000,        0.93749298
    0.43000000,        0.93351212
    0.44000000,        0.92943791
    0.45000000,        0.92527076
    0.46000000,        0.92101108
    0.47000000,        0.91665931
    0.48000000,        0.91221586
    0.49000000,        0.90768119
    0.50000000,        0.90305576
    0.51000000,        0.89834002
    0.52000000,        0.89353444
    0.53000000,        0.88863951
    0.54000000,        0.88365572
    0.55000000,        0.87858357
    0.56000000,        0.87342355
    0.57000000,        0.86817619
    0.58000000,        0.86284202
    0.59000000,        0.85742156
    0.60000000,        0.85191535
    0.61000000,        0.84632396
    0.62000000,        0.84064793
    0.63000000,        0.83488784
    0.64000000,        0.82904426
    0.65000000,        0.82311778
    0.66000000,        0.81710898
    0.67000000,        0.81101848
    0.68000000,        0.80484687
    0.69000000,        0.79859477
    0.70000000,        0.79226282
    0.71000000,        0.78585164
    0.72000000,        0.77936188
    0.73000000,        0.77279418
    0.74000000,        0.76614920
    0.75000000,        0.75942760
    0.76000000,        0.75263006
    0.77000000,        0.74575726
    0.78000000,        0.73880989
    0.79000000,        0.73178863
    0.80000000,        0.72469419
    0.81000000,        0.71752729
    0.82000000,        0.71028863
    0.83000000,        0.70297894
    0.84000000,        0.69559896
    0.85000000,        0.68814941
    0.86000000,        0.68063105
    0.87000000,        0.67304463
    0.88000000,        0.66539090
    0.89000000,        0.65767063
    0.90000000,        0.64988460
    0.91000000,        0.64203358
    0.92000000,        0.63411835
    0.93000000,        0.62613972
    0.94000000,        0.61809847
    0.95000000,        0.60999540
    0.96000000,        0.60183134
    0.97000000,        0.59360710
    0.98000000,        0.58532349
    0.99000000,        0.57698136
    1.00000000,        0.56858152
    1.01000000,        0.56012483
    1.02000000,        0.55161212
    1.03000000,        0.54304426
    1.04000000,        0.53442209
    1.05000000,        0.52574647
    1.06000000,        0.51701828
    1.07000000,        0.50823839
    1.08000000,        0.49940768
    1.09000000,        0.49052703
    1.10000000,        0.48159732
    1.11000000,        0.47261945
    1.12000000,        0.46359432
    1.13000000,        0.45452283
    1.14000000,        0.44540589
    1.15000000,        0.43624441
    1.16000000,        0.42703931
    1.17000000,        0.41779150
    1.18000000,        0.40850191
    1.19000000,        0.39917147
    1.20000000,        0.38980111
    1.21000000,        0.38039178
    1.22000000,        0.37094440
    1.23000000,        0.36145993
    1.24000000,        0.35193932
    1.25000000,        0.34238351
    1.26000000,        0.33279346
    1.27000000,        0.32317013
    1.28000000,        0.31351449
    1.29000000,        0.30382749
    1.30000000,        0.29411011
    1.31000000,        0.28436332
    1.32000000,        0.27458810
    1.33000000,        0.26478541
    1.34000000,        0.25495625
    1.35000000,        0.24510159
    1.36000000,        0.23522242
    1.37000000,        0.22531973
    1.38000000,        0.21539451
    1.39000000,        0.20544774
    1.40000000,        0.19548043
    1.41000000,        0.18549358
    1.42000000,        0.17548817
    1.43000000,        0.16546522
    1.44000000,        0.15542572
    1.45000000,        0.14537068
    1.46000000,        0.13530110
    1.47000000,        0.12521799
    1.48000000,        0.11512236
    1.49000000,        0.10501521
    1.50000000,        0.09489757
    1.51000000,        0.08477043
    1.52000000,        0.07463482
    1.53000000,        0.06449174
    1.54000000,        0.05434222
    1.55000000,        0.04418726
    1.56000000,        0.03402788
    1.57000000,        0.02386510
    1.58000000,        0.01369993
    1.59000000,        0.00353339
    1.60000000,       -0.00663350
    1.61000000,       -0.01679972
    1.62000000,       -0.02696427
    1.63000000,       -0.03712612
    1.64000000,       -0.04728426
    1.65000000,       -0.05743767
    1.66000000,       -0.06758534
    1.67000000,       -0.07772624
    1.68000000,       -0.08785938
    1.69000000,       -0.09798373
    1.70000000,       -0.10809828
    1.71000000,       -0.11820202
    1.72000000,       -0.12829394
    1.73000000,       -0.13837303
    1.74000000,       -0.14843829
    1.75000000,       -0.15848870
    1.76000000,       -0.16852326
    1.77000000,       -0.17854097
    1.78000000,       -0.18854082
    1.79000000,       -0.19852182
    1.80000000,       -0.20848297
    1.81000000,       -0.21842327
    1.82000000,       -0.22834173
    1.83000000,       -0.23823735
    1.84000000,       -0.24810915
    1.85000000,       -0.25795614
    1.86000000,       -0.26777733
    1.87000000,       -0.27757175
    1.88000000,       -0.28733841
    1.89000000,       -0.29707633
    1.90000000,       -0.30678455
    1.91000000,       -0.31646209
    1.92000000,       -0.32610798
    1.93000000,       -0.33572126
    1.94000000,       -0.34530097
    1.95000000,       -0.35484615
    1.96000000,       -0.36435585
    1.97000000,       -0.37382911
    1.98000000,       -0.38326498
    1.99000000,       -0.39266253
    2.00000000,       -0.40202082
    2.01000000,       -0.41133890
    2.02000000,       -0.42061584
    2.03000000,       -0.42985073
    2.04000000,       -0.43904263
    2.05000000,       -0.44819063
    2.06000000,       -0.45729381
    2.07000000,       -0.46635125
    2.08000000,       -0.47536207
    2.09000000,       -0.48432534
    2.10000000,       -0.49324019
    2.11000000,       -0.50210571
    2.12000000,       -0.51092102
    2.13000000,       -0.51968524
    2.14000000,       -0.52839748
    2.15000000,       -0.53705689
    2.16000000,       -0.54566260
    2.17000000,       -0.55421374
    2.18000000,       -0.56270945
    2.19000000,       -0.57114890
    2.20000000,       -0.57953123
    2.21000000,       -0.58785560
    2.22000000,       -0.59612120
    2.23000000,       -0.60432717
    2.24000000,       -0.61247272
    2.25000000,       -0.62055702
    2.26000000,       -0.62857926
    2.27000000,       -0.63653865
    2.28000000,       -0.64443438
    2.29000000,       -0.65226567
    2.30000000,       -0.66003173
    2.31000000,       -0.66773179
    2.32000000,       -0.67536508
    2.33000000,       -0.68293083
    2.34000000,       -0.69042828
    2.35000000,       -0.69785670
    2.36000000,       -0.70521532
    2.37000000,       -0.71250343
    2.38000000,       -0.71972028
    2.39000000,       -0.72686517
    2.40000000,       -0.73393737
    2.41000000,       -0.74093617
    2.42000000,       -0.74786088
    2.43000000,       -0.75471080
    2.44000000,       -0.76148525
    2.45000000,       -0.76818356
    2.46000000,       -0.77480504
    2.47000000,       -0.78134905
    2.48000000,       -0.78781492
    2.49000000,       -0.79420201
    2.50000000,       -0.80050968
    2.51000000,       -0.80673729
    2.52000000,       -0.81288424
    2.53000000,       -0.81894989
    2.54000000,       -0.82493365
    2.55000000,       -0.83083492
    2.56000000,       -0.83665310
    2.57000000,       -0.84238762
    2.58000000,       -0.84803790
    2.59000000,       -0.85360338
    2.60000000,       -0.85908349
    2.61000000,       -0.86447770
    2.62000000,       -0.86978546
    2.63000000,       -0.87500624
    2.64000000,       -0.88013952
    2.65000000,       -0.88518479
    2.66000000,       -0.89014153
    2.67000000,       -0.89500927
    2.68000000,       -0.89978750
    2.69000000,       -0.90447575
    2.70000000,       -0.90907356
    2.71000000,       -0.91358046
    2.72000000,       -0.91799600
    2.73000000,       -0.92231974
    2.74000000,       -0.92655125
    2.75000000,       -0.93069011
    2.76000000,       -0.93473589
    2.77000000,       -0.93868820
    2.78000000,       -0.94254664
    2.79000000,       -0.94631083
    2.80000000,       -0.94998039
    2.81000000,       -0.95355495
    2.82000000,       -0.95703415
    2.83000000,       -0.96041765
    2.84000000,       -0.96370511
    2.85000000,       -0.96689620
    2.86000000,       -0.96999060
    2.87000000,       -0.97298800
    2.88000000,       -0.97588810
    2.89000000,       -0.97869061
    2.90000000,       -0.98139525
    2.91000000,       -0.98400175
    2.92000000,       -0.98650986
    2.93000000,       -0.98891931
    2.94000000,       -0.99122987
    2.95000000,       -0.99344130
    2.96000000,       -0.99555340
    2.97000000,       -0.99756593
    2.98000000,       -0.99947871
    2.99000000,       -1.00129155
    3.00000000,       -1.00300425
    3.01000000,       -1.00461665
    3.02000000,       -1.00612860
    3.03000000,       -1.00753992
    3.04000000,       -1.00885050
    3.05000000,       -1.01006019
    3.06000000,       -1.01116887
    3.07000000,       -1.01217644
    3.08000000,       -1.01308279
    3.09000000,       -1.01388783
    3.10000000,       -1.01459148
    3.11000000,       -1.01519368
    3.12000000,       -1.01569435
    3.13000000,       -1.01609345
    3.14000000,       -1.01639095
    3.15000000,       -1.01658680
    3.16000000,       -1.01668100
    3.17000000,       -1.01667353
    3.18000000,       -1.01656439
    3.19000000,       -1.01635360
    3.20000000,       -1.01604117
    3.21000000,       -1.01562713
    3.22000000,       -1.01511153
    3.23000000,       -1.01449443
    3.24000000,       -1.01377587
    3.25000000,       -1.01295593
    3.26000000,       -1.01203470
    3.27000000,       -1.01101227
    3.28000000,       -1.00988873
    3.29000000,       -1.00866421
    3.30000000,       -1.00733882
    3.31000000,       -1.00591269
    3.32000000,       -1.00438598
    3.33000000,       -1.00275882
    3.34000000,       -1.00103139
    3.35000000,       -0.99920386
    3.36000000,       -0.99727640
    3.37000000,       -0.99524922
    3.38000000,       -0.99312252
    3.39000000,       -0.99089650
    3.40000000,       -0.98857139
    3.41000000,       -0.98614742
    3.42000000,       -0.98362484
    3.43000000,       -0.98100390
    3.44000000,       -0.97828486
    3.45000000,       -0.97546799
    3.46000000,       -0.97255357
    3.47000000,       -0.96954189
    3.48000000,       -0.96643327
    3.49000000,       -0.96322799
    3.50000000,       -0.95992640
    3.51000000,       -0.95652881
    3.52000000,       -0.95303557
    3.53000000,       -0.94944703
    3.54000000,       -0.94576354
    3.55000000,       -0.94198548
    3.56000000,       -0.93811322
    3.57000000,       -0.93414714
    3.58000000,       -0.93008765
    3.59000000,       -0.92593516
    3.60000000,       -0.92169006
    3.61000000,       -0.91735280
    3.62000000,       -0.91292381
    3.63000000,       -0.90840352
    3.64000000,       -0.90379239
    3.65000000,       -0.89909089
    3.66000000,       -0.89429947
    3.67000000,       -0.88941862
    3.68000000,       -0.88444883
    3.69000000,       -0.87939060
    3.70000000,       -0.87424443
    3.71000000,       -0.86901083
    3.72000000,       -0.86369033
    3.73000000,       -0.85828347
    3.74000000,       -0.85279077
    3.75000000,       -0.84721280
    3.76000000,       -0.84155010
    3.77000000,       -0.83580325
    3.78000000,       -0.82997282
    3.79000000,       -0.82405939
    3.80000000,       -0.81806356
    3.81000000,       -0.81198592
    3.82000000,       -0.80582708
    3.83000000,       -0.79958766
    3.84000000,       -0.79326828
    3.85000000,       -0.78686957
    3.86000000,       -0.78039218
    3.87000000,       -0.77383674
    3.88000000,       -0.76720393
    3.89000000,       -0.76049439
    3.90000000,       -0.75370880
    3.91000000,       -0.74684784
    3.92000000,       -0.73991220
    3.93000000,       -0.73290257
    3.94000000,       -0.72581964
    3.95000000,       -0.71866414
    3.96000000,       -0.71143676
    3.97000000,       -0.70413825
    3.98000000,       -0.69676932
    3.99000000,       -0.68933071
    4.00000000,       -0.68182317
    4.01000000,       -0.67424745
    4.02000000,       -0.66660430
    4.03000000,       -0.65889449
    4.04000000,       -0.65111880
    4.05000000,       -0.64327799
    4.06000000,       -0.63537285
    4.07000000,       -0.62740418
    4.08000000,       -0.61937276
    4.09000000,       -0.61127941
    4.10000000,       -0.60312493
    4.11000000,       -0.59491014
    4.12000000,       -0.58663586
    4.13000000,       -0.57830291
    4.14000000,       -0.56991213
    4.15000000,       -0.56146437
    4.16000000,       -0.55296045
    4.17000000,       -0.54440124
    4.18000000,       -0.53578759
    4.19000000,       -0.52712036
    4.20000000,       -0.51840042
    4.21000000,       -0.50962864
    4.22000000,       -0.50080589
    4.23000000,       -0.49193307
    4.24000000,       -0.48301105
    4.25000000,       -0.47404073
    4.26000000,       -0.46502301
    4.27000000,       -0.45595878
    4.28000000,       -0.44684896
    4.29000000,       -0.43769445
    4.30000000,       -0.42849618
    4.31000000,       -0.41925505
    4.32000000,       -0.40997200
    4.33000000,       -0.40064795
    4.34000000,       -0.39128384
    4.35000000,       -0.38188060
    4.36000000,       -0.37243917
    4.37000000,       -0.36296049
    4.38000000,       -0.35344552
    4.39000000,       -0.34389521
    4.40000000,       -0.33431051
    4.41000000,       -0.32469237
    4.42000000,       -0.31504177
    4.43000000,       -0.30535966
    4.44000000,       -0.29564701
    4.45000000,       -0.28590481
    4.46000000,       -0.27613401
    4.47000000,       -0.26633559
    4.48000000,       -0.25651055
    4.49000000,       -0.24665985
    4.50000000,       -0.23678449
    4.51000000,       -0.22688545
    4.52000000,       -0.21696372
    4.53000000,       -0.20702029
    4.54000000,       -0.19705616
    4.55000000,       -0.18707233
    4.56000000,       -0.17706978
    4.57000000,       -0.16704954
    4.58000000,       -0.15701258
    4.59000000,       -0.14695993
    4.60000000,       -0.13689258
    4.61000000,       -0.12681154
    4.62000000,       -0.11671782
    4.63000000,       -0.10661242
    4.64000000,       -0.09649637
    4.65000000,       -0.08637067
    4.66000000,       -0.07623632
    4.67000000,       -0.06609436
    4.68000000,       -0.05594579
    4.69000000,       -0.04579162
    4.70000000,       -0.03563287
    4.71000000,       -0.02547056
    4.72000000,       -0.01530570
    4.73000000,       -0.00513931
    4.74000000,        0.00502759
    4.75000000,        0.01519399
    4.76000000,        0.02535887
    4.77000000,        0.03552121
    4.78000000,        0.04568001
    4.79000000,        0.05583423
    4.80000000,        0.06598287
    4.81000000,        0.07612491
    4.82000000,        0.08625934
    4.83000000,        0.09638515
    4.84000000,        0.10650131
    4.85000000,        0.11660683
    4.86000000,        0.12670068
    4.87000000,        0.13678187
    4.88000000,        0.14684938
    4.89000000,        0.15690220
    4.90000000,        0.16693933
    4.91000000,        0.17695977
    4.92000000,        0.18696251
    4.93000000,        0.19694655
    4.94000000,        0.20691090
    4.95000000,        0.21685456
    4.96000000,        0.22677654
    4.97000000,        0.23667583
    4.98000000,        0.24655146
    4.99000000,        0.25640244
    5.00000000,        0.26622777
    5.01000000,        0.27602648
    5.02000000,        0.28579759
    5.03000000,        0.29554012
    5.04000000,        0.30525309
    5.05000000,        0.31493554
    5.06000000,        0.32458650
    5.07000000,        0.33420499
    5.08000000,        0.34379007
    5.09000000,        0.35334077
    5.10000000,        0.36285613
    5.11000000,        0.37233521
    5.12000000,        0.38177705
    5.13000000,        0.39118072
    5.14000000,        0.40054526
    5.15000000,        0.40986976
    5.16000000,        0.41915327
    5.17000000,        0.42839486
    5.18000000,        0.43759361
    5.19000000,        0.44674860
    5.20000000,        0.45585892
    5.21000000,        0.46492365
    5.22000000,        0.47394189
    5.23000000,        0.48291274
    5.24000000,        0.49183529
    5.25000000,        0.50070866
    5.26000000,        0.50953196
    5.27000000,        0.51830431
    5.28000000,        0.52702482
    5.29000000,        0.53569263
    5.30000000,        0.54430688
    5.31000000,        0.55286669
    5.32000000,        0.56137122
    5.33000000,        0.56981961
    5.34000000,        0.57821102
    5.35000000,        0.58654460
    5.36000000,        0.59481954
    5.37000000,        0.60303499
    5.38000000,        0.61119013
    5.39000000,        0.61928416
    5.40000000,        0.62731626
    5.41000000,        0.63528563
    5.42000000,        0.64319147
    5.43000000,        0.65103299
    5.44000000,        0.65880940
    5.45000000,        0.66651994
    5.46000000,        0.67416382
    5.47000000,        0.68174029
    5.48000000,        0.68924858
    5.49000000,        0.69668795
    5.50000000,        0.70405765
    5.51000000,        0.71135695
    5.52000000,        0.71858510
    5.53000000,        0.72574140
    5.54000000,        0.73282513
    5.55000000,        0.73983557
    5.56000000,        0.74677203
    5.57000000,        0.75363381
    5.58000000,        0.76042023
    5.59000000,        0.76713061
    5.60000000,        0.77376427
    5.61000000,        0.78032056
    5.62000000,        0.78679882
    5.63000000,        0.79319839
    5.64000000,        0.79951865
    5.65000000,        0.80575895
    5.66000000,        0.81191868
    5.67000000,        0.81799722
    5.68000000,        0.82399395
    5.69000000,        0.82990829
    5.70000000,        0.83573963
    5.71000000,        0.84148741
    5.72000000,        0.84715103
    5.73000000,        0.85272994
    5.74000000,        0.85822357
    5.75000000,        0.86363139
    5.76000000,        0.86895284
    5.77000000,        0.87418739
    5.78000000,        0.87933453
    5.79000000,        0.88439373
    5.80000000,        0.88936449
    5.81000000,        0.89424632
    5.82000000,        0.89903872
    5.83000000,        0.90374122
    5.84000000,        0.90835334
    5.85000000,        0.91287463
    5.86000000,        0.91730463
    5.87000000,        0.92164290
    5.88000000,        0.92588901
    5.89000000,        0.93004253
    5.90000000,        0.93410304
    5.91000000,        0.93807014
    5.92000000,        0.94194344
    5.93000000,        0.94572254
    5.94000000,        0.94940707
    5.95000000,        0.95299666
    5.96000000,        0.95649095
    5.97000000,        0.95988959
    5.98000000,        0.96319224
    5.99000000,        0.96639857
    6.00000000,        0.96950826
    6.01000000,        0.97252100
    6.02000000,        0.97543649
    6.03000000,        0.97825443
    6.04000000,        0.98097455
    6.05000000,        0.98359658
    6.06000000,        0.98612024
    6.07000000,        0.98854529
    6.08000000,        0.99087149
    6.09000000,        0.99309859
    6.10000000,        0.99522639
    6.11000000,        0.99725467
    6.12000000,        0.99918322
    6.13000000,        1.00101185
    6.14000000,        1.00274038
    6.15000000,        1.00436864
    6.16000000,        1.00589646
    6.17000000,        1.00732369
    6.18000000,        1.00865019
    6.19000000,        1.00987583
    6.20000000,        1.01100047
    6.21000000,        1.01202402
    6.22000000,        1.01294636
    6.23000000,        1.01376741
    6.24000000,        1.01448708
    6.25000000,        1.01510530
    6.26000000,        1.01562202
    6.27000000,        1.01603717
    6.28000000,        1.01635072
    6.29000000,        1.01656263
    6.30000000,        1.01667288
    6.31000000,        1.01668147
    6.32000000,        1.01658839
    6.33000000,        1.01639365
    6.34000000,        1.01609727
    6.35000000,        1.01569929
    6.36000000,        1.01519973
    6.37000000,        1.01459865
    6.38000000,        1.01389611
    6.39000000,        1.01309219
    6.40000000,        1.01218695
    6.41000000,        1.01118049
    6.42000000,        1.01007292
    6.43000000,        1.00886434
    6.44000000,        1.00755487
    6.45000000,        1.00614465
    6.46000000,        1.00463382
    6.47000000,        1.00302252
    6.48000000,        1.00131091
    6.49000000,        0.99949918
    6.50000000,        0.99758750
    6.51000000,        0.99557605
    6.52000000,        0.99346505
    6.53000000,        0.99125471
    6.54000000,        0.98894524
    6.55000000,        0.98653687
    6.56000000,        0.98402985
    6.57000000,        0.98142443
    6.58000000,        0.97872086
    6.59000000,        0.97591942
    6.60000000,        0.97302039
    6.61000000,        0.97002406
    6.62000000,        0.96693073
    6.63000000,        0.96374070
    6.64000000,        0.96045430
    6.65000000,        0.95707185
    6.66000000,        0.95359370
    6.67000000,        0.95002019
    6.68000000,        0.94635167
    6.69000000,        0.94258852
    6.70000000,        0.93873111
    6.71000000,        0.93477983
    6.72000000,        0.93073507
    6.73000000,        0.92659724
    6.74000000,        0.92236674
    6.75000000,        0.91804401
    6.76000000,        0.91362948
    6.77000000,        0.90912358
    6.78000000,        0.90452677
    6.79000000,        0.89983951
    6.80000000,        0.89506226
    6.81000000,        0.89019551
    6.82000000,        0.88523974
    6.83000000,        0.88019544
    6.84000000,        0.87506313
    6.85000000,        0.86984330
    6.86000000,        0.86453650
    6.87000000,        0.85914324
    6.88000000,        0.85366406
    6.89000000,        0.84809952
    6.90000000,        0.84245017
    6.91000000,        0.83671658
    6.92000000,        0.83089931
    6.93000000,        0.82499895
    6.94000000,        0.81901609
    6.95000000,        0.81295134
    6.96000000,        0.80680528
    6.97000000,        0.80057855
    6.98000000,        0.79427176
    6.99000000,        0.78788554
    7.00000000,        0.78142053
    7.01000000,        0.77487738
    7.02000000,        0.76825674
    7.03000000,        0.76155928
    7.04000000,        0.75478566
    7.05000000,        0.74793656
    7.06000000,        0.74101267
    7.07000000,        0.73401467
    7.08000000,        0.72694328
    7.09000000,        0.71979919
    7.10000000,        0.71258312
    7.11000000,        0.70529580
    7.12000000,        0.69793794
    7.13000000,        0.69051029
    7.14000000,        0.68301359
    7.15000000,        0.67544859
    7.16000000,        0.66781604
    7.17000000,        0.66011671
    7.18000000,        0.65235137
    7.19000000,        0.64452079
    7.20000000,        0.63662576
    7.21000000,        0.62866707
    7.22000000,        0.62064552
    7.23000000,        0.61256189
    7.24000000,        0.60441702
    7.25000000,        0.59621170
    7.26000000,        0.58794675
    7.27000000,        0.57962302
    7.28000000,        0.57124132
    7.29000000,        0.56280250
    7.30000000,        0.55430740
    7.31000000,        0.54575686
    7.32000000,        0.53715176
    7.33000000,        0.52849293
    7.34000000,        0.51978126
    7.35000000,        0.51101761
    7.36000000,        0.50220285
    7.37000000,        0.49333788
    7.38000000,        0.48442357
    7.39000000,        0.47546082
    7.40000000,        0.46645053
    7.41000000,        0.45739359
    7.42000000,        0.44829091
    7.43000000,        0.43914340
    7.44000000,        0.42995198
    7.45000000,        0.42071756
    7.46000000,        0.41144107
    7.47000000,        0.40212343
    7.48000000,        0.39276558
    7.49000000,        0.38336846
    7.50000000,        0.37393300
    7.51000000,        0.36446015
    7.52000000,        0.35495085
    7.53000000,        0.34540605
    7.54000000,        0.33582672
    7.55000000,        0.32621380
    7.56000000,        0.31656826
    7.57000000,        0.30689106
    7.58000000,        0.29718318
    7.59000000,        0.28744558
    7.60000000,        0.27767923
    7.61000000,        0.26788511
    7.62000000,        0.25806421
    7.63000000,        0.24821750
    7.64000000,        0.23834596
    7.65000000,        0.22845060
    7.66000000,        0.21853238
    7.67000000,        0.20859232
    7.68000000,        0.19863139
    7.69000000,        0.18865061
    7.70000000,        0.17865095
    7.71000000,        0.16863343
    7.72000000,        0.15859905
    7.73000000,        0.14854881
    7.74000000,        0.13848372
    7.75000000,        0.12840477
    7.76000000,        0.11831299
    7.77000000,        0.10820937
    7.78000000,        0.09809493
    7.79000000,        0.08797068
    7.80000000,        0.07783764
    7.81000000,        0.06769681
    7.82000000,        0.05754922
    7.83000000,        0.04739586
    7.84000000,        0.03723777
    7.85000000,        0.02707596
    7.86000000,        0.01691143
    7.87000000,        0.00674522
    7.88000000,       -0.00342167
    7.89000000,       -0.01358822
    7.90000000,       -0.02375341
    7.91000000,       -0.03391622
    7.92000000,       -0.04407564
    7.93000000,       -0.05423065
    7.94000000,       -0.06438024
    7.95000000,       -0.07452339
    7.96000000,       -0.08465909
    7.97000000,       -0.09478633
    7.98000000,       -0.10490408
    7.99000000,       -0.11501135
    8.00000000,       -0.12510711
    8.01000000,       -0.13519037
    8.02000000,       -0.14526010
    8.03000000,       -0.15531531
    8.04000000,       -0.16535498
    8.05000000,       -0.17537813
    8.06000000,       -0.18538373
    8.07000000,       -0.19537079
    8.08000000,       -0.20533832
    8.09000000,       -0.21528532
    8.10000000,       -0.22521078
    8.11000000,       -0.23511373
    8.12000000,       -0.24499316
    8.13000000,       -0.25484809
    8.14000000,       -0.26467754
    8.15000000,       -0.27448052
    8.16000000,       -0.28425606
    8.17000000,       -0.29400316
    8.18000000,       -0.30372087
    8.19000000,       -0.31340821
    8.20000000,       -0.32306420
    8.21000000,       -0.33268789
    8.22000000,       -0.34227831
    8.23000000,       -0.35183450
    8.24000000,       -0.36135551
    8.25000000,       -0.37084038
    8.26000000,       -0.38028817
    8.27000000,       -0.38969792
    8.28000000,       -0.39906871
    8.29000000,       -0.40839960
    8.30000000,       -0.41768964
    8.31000000,       -0.42693791
    8.32000000,       -0.43614349
    8.33000000,       -0.44530546
    8.34000000,       -0.45442289
    8.35000000,       -0.46349489
    8.36000000,       -0.47252053
    8.37000000,       -0.48149892
    8.38000000,       -0.49042916
    8.39000000,       -0.49931036
    8.40000000,       -0.50814163
    8.41000000,       -0.51692208
    8.42000000,       -0.52565084
    8.43000000,       -0.53432704
    8.44000000,       -0.54294980
    8.45000000,       -0.55151827
    8.46000000,       -0.56003159
    8.47000000,       -0.56848890
    8.48000000,       -0.57688936
    8.49000000,       -0.58523214
    8.50000000,       -0.59351639
    8.51000000,       -0.60174129
    8.52000000,       -0.60990602
    8.53000000,       -0.61800976
    8.54000000,       -0.62605169
    8.55000000,       -0.63403102
    8.56000000,       -0.64194695
    8.57000000,       -0.64979868
    8.58000000,       -0.65758543
    8.59000000,       -0.66530642
    8.60000000,       -0.67296089
    8.61000000,       -0.68054805
    8.62000000,       -0.68806717
    8.63000000,       -0.69551747
    8.64000000,       -0.70289822
    8.65000000,       -0.71020869
    8.66000000,       -0.71744813
    8.67000000,       -0.72461583
    8.68000000,       -0.73171107
    8.69000000,       -0.73873313
    8.70000000,       -0.74568132
    8.71000000,       -0.75255495
    8.72000000,       -0.75935331
    8.73000000,       -0.76607575
    8.74000000,       -0.77272157
    8.75000000,       -0.77929013
    8.76000000,       -0.78578075
    8.77000000,       -0.79219280
    8.78000000,       -0.79852562
    8.79000000,       -0.80477860
    8.80000000,       -0.81095110
    8.81000000,       -0.81704250
    8.82000000,       -0.82305219
    8.83000000,       -0.82897959
    8.84000000,       -0.83482408
    8.85000000,       -0.84058509
    8.86000000,       -0.84626204
    8.87000000,       -0.85185437
    8.88000000,       -0.85736151
    8.89000000,       -0.86278292
    8.90000000,       -0.86811804
    8.91000000,       -0.87336636
    8.92000000,       -0.87852734
    8.93000000,       -0.88360046
    8.94000000,       -0.88858523
    8.95000000,       -0.89348114
    8.96000000,       -0.89828770
    8.97000000,       -0.90300443
    8.98000000,       -0.90763086
    8.99000000,       -0.91216652
    9.00000000,       -0.91661097
    9.01000000,       -0.92096376
    9.02000000,       -0.92522446
    9.03000000,       -0.92939263
    9.04000000,       -0.93346786
    9.05000000,       -0.93744974
    9.06000000,       -0.94133788
    9.07000000,       -0.94513189
    9.08000000,       -0.94883138
    9.09000000,       -0.95243599
    9.10000000,       -0.95594535
    9.11000000,       -0.95935912
    9.12000000,       -0.96267696
    9.13000000,       -0.96589853
    9.14000000,       -0.96902350
    9.15000000,       -0.97205158
    9.16000000,       -0.97498245
    9.17000000,       -0.97781582
    9.18000000,       -0.98055141
    9.19000000,       -0.98318895
    9.20000000,       -0.98572816
    9.21000000,       -0.98816881
    9.22000000,       -0.99051063
    9.23000000,       -0.99275341
    9.24000000,       -0.99489691
    9.25000000,       -0.99694092
    9.26000000,       -0.99888523
    9.27000000,       -1.00072966
    9.28000000,       -1.00247402
    9.29000000,       -1.00411812
    9.30000000,       -1.00566182
    9.31000000,       -1.00710495
    9.32000000,       -1.00844737
    9.33000000,       -1.00968894
    9.34000000,       -1.01082955
    9.35000000,       -1.01186907
    9.36000000,       -1.01280740
    9.37000000,       -1.01364446
    9.38000000,       -1.01438015
    9.39000000,       -1.01501440
    9.40000000,       -1.01554715
    9.41000000,       -1.01597835
    9.42000000,       -1.01630795
    9.43000000,       -1.01653591
    9.44000000,       -1.01666223
    9.45000000,       -1.01668688
    9.46000000,       -1.01660985
    9.47000000,       -1.01643117
    9.48000000,       -1.01615085
    9.49000000,       -1.01576891
    9.50000000,       -1.01528539
    9.51000000,       -1.01470034
    9.52000000,       -1.01401383
    9.53000000,       -1.01322591
    9.54000000,       -1.01233667
    9.55000000,       -1.01134620
    9.56000000,       -1.01025459
    9.57000000,       -1.00906196
    9.58000000,       -1.00776842
    9.59000000,       -1.00637410
    9.60000000,       -1.00487915
    9.61000000,       -1.00328370
    9.62000000,       -1.00158793
    9.63000000,       -0.99979201
    9.64000000,       -0.99789610
    9.65000000,       -0.99590040
    9.66000000,       -0.99380511
    9.67000000,       -0.99161044
    9.68000000,       -0.98931661
    9.69000000,       -0.98692385
    9.70000000,       -0.98443240
    9.71000000,       -0.98184250
    9.72000000,       -0.97915442
    9.73000000,       -0.97636843
    9.74000000,       -0.97348479
    9.75000000,       -0.97050381
    9.76000000,       -0.96742578
    9.77000000,       -0.96425100
    9.78000000,       -0.96097980
    9.79000000,       -0.95761251
    9.80000000,       -0.95414945
    9.81000000,       -0.95059097
    9.82000000,       -0.94693744
    9.83000000,       -0.94318921
    9.84000000,       -0.93934667
    9.85000000,       -0.93541019
    9.86000000,       -0.93138017
    9.87000000,       -0.92725701
    9.88000000,       -0.92304112
    9.89000000,       -0.91873293
    9.90000000,       -0.91433287
    9.91000000,       -0.90984137
    9.92000000,       -0.90525889
    9.93000000,       -0.90058589
    9.94000000,       -0.89582282
    9.95000000,       -0.89097018
    9.96000000,       -0.88602843
    9.97000000,       -0.88099809
    9.98000000,       -0.87587964
    9.99000000,       -0.87067361
